 [ bondedtypes ]
;bonds angles dihedrals  impropers
  1      5      2        2      
;=========================
;Name r0         k_bond 
;bonds
b1   0.13601    263481
b2   0.09645    450477
b3   0.13973    266167
b4   0.13973    266167
b5   0.13861    304198
b6   0.10864    295440
b7   0.13920    278786
b8   0.10855    297182
b9   0.13920    278786
b10  0.17981    119096
b11  0.13861    304198
b12  0.10855    297182
b13  0.10864    295440
b14  0.17981    119096
b15  0.14734    471542
b16  0.14734    471542
b17  0.13913    279593
b18  0.13913    279593
b19  0.13876    299749
b20  0.10855    297983
b21  0.13938    270803
b22  0.10851    298648
b23  0.13938    270803
b24  0.13773    214374
b25  0.13876    299749
b26  0.10851    298648
b27  0.10855    297983
b28  0.13773    214374
b29  0.13938    270803
b30  0.13938    270803
b31  0.13773    214374
b32  0.13876    299749
b33  0.10851    298648
b34  0.13913    279593
b35  0.10855    297983
b36  0.13913    279593
b37  0.17981    119096
b38  0.13876    299749
b39  0.10855    297983
b40  0.10851    298648
b41  0.17981    119096
b42  0.14734    471542
b43  0.14734    471542
b44  0.13913    279593
b45  0.13913    279593
b46  0.13876    299749
b47  0.10855    297983
b48  0.13938    270803
b49  0.10851    298648
b50  0.13938    270803
b51  0.13876    299749
b52  0.10851    298648
b53  0.10855    297983
b54  0.13773    214374
b55  0.13938    270803
b56  0.13938    270803
b57  0.13876    299749
b58  0.10851    298648
b59  0.13913    279593
b60  0.10855    297983
b61  0.13913    279593
b62  0.17981    119096
b63  0.13876    299749
b64  0.10855    297983
b65  0.10851    298648
b66  0.17981    119096
b67  0.14734    471542
b68  0.14734    471542
b69  0.13920    278786
b70  0.13920    278786
b71  0.13861    304198
b72  0.10855    297182
b73  0.13973    266167
b74  0.10864    295440
b75  0.13973    266167
b76  0.13601    263481
b77  0.13861    304198
b78  0.10864    295440
b79  0.10855    297182
b80  0.09645    450477

;==================================================
;Name theta0    k_theta    r0          k_bond    
;angles
a1   119.732    585.585    0.23848    43702.7
a2   119.732    585.585    0.23848    43702.7
a3   109.592    289.360    0.19131    25209.0
a4   119.682    342.547    0.24067    39622.8
a5   119.669    238.214    0.21531    12616.8
a6   119.682    342.547    0.24067    39622.8
a7   119.669    238.214    0.21531    12616.8
a8   120.535    61.170     0.24268    34389.7
a9   119.500    302.621    0.23999    42624.8
a10  120.630    275.139    0.21524    9407.0
a11  120.646    286.693    0.21533    9909.0
a12  121.099    128.534    0.24243    42327.8
a13  119.450    406.704    0.27627    23487.1
a14  119.857    215.035    0.21495    16629.2
a15  119.500    302.621    0.23999    42624.8
a16  119.857    215.035    0.21495    16629.2
a17  104.040    330.668    0.28347    0.0
a18  107.269    574.147    0.26415    8463.8
a19  107.269    574.147    0.26415    8463.8
a20  119.450    406.704    0.27627    23487.1
a21  120.646    286.693    0.21533    9909.0
a22  120.630    275.139    0.21524    9407.0
a23  119.343    418.327    0.27606    24778.1
a24  119.343    418.327    0.27606    24778.1
a25  107.269    574.147    0.26415    8463.8
a26  107.269    574.147    0.26415    8463.8
a27  119.431    311.583    0.23996    39879.6
a28  119.884    226.241    0.21492    16932.6
a29  119.431    311.583    0.23996    39879.6
a30  119.884    226.241    0.21492    16932.6
a31  122.313    634.456    0.25813    11703.6
a32  121.312    102.858    0.24256    42678.1
a33  119.257    379.179    0.23997    37917.4
a34  120.988    268.858    0.21571    8957.7
a35  120.671    272.589    0.21541    7168.0
a36  121.304    1.367      0.24299    37283.1
a37  119.288    507.467    0.23912    44516.3
a38  119.752    233.619    0.21497    16240.7
a39  119.257    379.179    0.23997    37917.4
a40  119.752    233.619    0.21497    16240.7
a41  119.967    323.097    0.23851    40594.0
a42  119.288    507.467    0.23912    44516.3
a43  120.671    272.589    0.21541    7168.0
a44  120.988    268.858    0.21571    8957.7
a45  119.288    507.467    0.23912    44516.3
a46  119.288    507.467    0.23912    44516.3
a47  119.257    379.179    0.23997    37917.4
a48  119.752    233.619    0.21497    16240.7
a49  119.257    379.179    0.23997    37917.4
a50  119.752    233.619    0.21497    16240.7
a51  119.967    323.097    0.23851    40594.0
a52  121.304    1.367      0.24299    37283.1
a53  119.288    507.467    0.23912    44516.3
a54  119.431    311.583    0.23996    39879.6
a55  120.671    272.589    0.21541    7168.0
a56  120.988    268.858    0.21571    8957.7
a57  121.312    102.858    0.24256    42678.1
a58  119.343    418.327    0.27606    24778.1
a59  119.884    226.241    0.21492    16932.6
a60  119.431    311.583    0.23996    39879.6
a61  119.884    226.241    0.21492    16932.6
a62  104.040    330.668    0.28347    0.0
a63  107.269    574.147    0.26415    8463.8
a64  107.269    574.147    0.26415    8463.8
a65  119.343    418.327    0.27606    24778.1
a66  120.988    268.858    0.21571    8957.7
a67  119.288    507.467    0.23912    44516.3
a68  120.671    272.589    0.21541    7168.0
a69  119.343    418.327    0.27606    24778.1
a70  119.343    418.327    0.27606    24778.1
a71  107.269    574.147    0.26415    8463.8
a72  107.269    574.147    0.26415    8463.8
a73  119.431    311.583    0.23996    39879.6
a74  119.884    226.241    0.21492    16932.6
a75  119.431    311.583    0.23996    39879.6
a76  119.884    226.241    0.21492    16932.6
a77  122.313    634.456    0.25813    11703.6
a78  121.312    102.858    0.24256    42678.1
a79  119.257    379.179    0.23997    37917.4
a80  120.988    268.858    0.21571    8957.7
a81  120.671    272.589    0.21541    7168.0
a82  121.304    1.367      0.24299    37283.1
a83  119.752    233.619    0.21497    16240.7
a84  119.257    379.179    0.23997    37917.4
a85  119.752    233.619    0.21497    16240.7
a86  120.671    272.589    0.21541    7168.0
a87  120.988    268.858    0.21571    8957.7
a88  119.288    507.467    0.23912    44516.3
a89  119.288    507.467    0.23912    44516.3
a90  119.257    379.179    0.23997    37917.4
a91  119.752    233.619    0.21497    16240.7
a92  119.257    379.179    0.23997    37917.4
a93  119.752    233.619    0.21497    16240.7
a94  121.304    1.367      0.24299    37283.1
a95  119.431    311.583    0.23996    39879.6
a96  120.671    272.589    0.21541    7168.0
a97  120.988    268.858    0.21571    8957.7
a98  121.312    102.858    0.24256    42678.1
a99  119.343    418.327    0.27606    24778.1
a100 119.884    226.241    0.21492    16932.6
a101 119.431    311.583    0.23996    39879.6
a102 119.884    226.241    0.21492    16932.6
a103 104.040    330.668    0.28347    0.0
a104 107.269    574.147    0.26415    8463.8
a105 107.269    574.147    0.26415    8463.8
a106 119.343    418.327    0.27606    24778.1
a107 120.988    268.858    0.21571    8957.7
a108 120.671    272.589    0.21541    7168.0
a109 119.450    406.704    0.27627    23487.1
a110 119.450    406.704    0.27627    23487.1
a111 107.269    574.147    0.26415    8463.8
a112 107.269    574.147    0.26415    8463.8
a113 119.500    302.621    0.23999    42624.8
a114 119.857    215.035    0.21495    16629.2
a115 119.500    302.621    0.23999    42624.8
a116 119.857    215.035    0.21495    16629.2
a117 122.313    634.456    0.25813    11703.6
a118 121.099    128.534    0.24243    42327.8
a119 119.682    342.547    0.24067    39622.8
a120 120.646    286.693    0.21533    9909.0
a121 120.630    275.139    0.21524    9407.0
a122 120.535    61.170     0.24268    34389.7
a123 119.732    585.585    0.23848    43702.7
a124 119.669    238.214    0.21531    12616.8
a125 119.682    342.547    0.24067    39622.8
a126 119.669    238.214    0.21531    12616.8
a127 109.592    289.360    0.19131    25209.0
a128 119.732    585.585    0.23848    43702.7
a129 120.630    275.139    0.21524    9407.0
a130 120.646    286.693    0.21533    9909.0

;===========================
;Name theta0    k_theta   
;ridgid dihedrals
d1   180.000    117.399
d2   0.000      76.513
d3   0.000      79.642
d4   180.000    76.872
d5   180.000    117.399
d6   0.000      76.513
d7   0.000      79.642
d8   180.000    76.872
d9   0.000      37.757
d10  180.000    72.062
d11  180.000    7.806
d12  0.000      14.271
d13  0.000      69.685
d14  180.000    146.539
d15  180.000    73.240
d16  0.000      72.193
d17  0.000      69.685
d18  180.000    73.240
d19  180.000    146.539
d20  0.000      72.193
d21  0.000      37.757
d22  180.000    7.806
d23  180.000    72.062
d24  0.000      14.271
d25  180.000    147.329
d26  0.000      66.621
d27  0.000      71.602
d28  180.000    66.962
d29  180.000    147.329
d30  0.000      66.621
d31  0.000      71.602
d32  180.000    66.962
d33  0.000      47.047
d34  180.000    25.464
d35  180.000    71.412
d36  0.000      22.468
d37  0.000      76.028
d38  180.000    90.923
d39  180.000    73.894
d40  0.000      67.662
d41  0.000      76.028
d42  180.000    73.894
d43  180.000    90.923
d44  0.000      67.662
d45  0.000      47.047
d46  180.000    71.412
d47  180.000    25.464
d48  0.000      22.468
d49  0.000      76.028
d50  180.000    73.894
d51  180.000    90.923
d52  0.000      67.662
d53  0.000      76.028
d54  180.000    73.894
d55  180.000    90.923
d56  0.000      67.662
d57  0.000      47.047
d58  180.000    71.412
d59  180.000    25.464
d60  0.000      22.468
d61  0.000      71.602
d62  180.000    147.329
d63  180.000    66.962
d64  0.000      66.621
d65  0.000      71.602
d66  180.000    66.962
d67  180.000    147.329
d68  0.000      66.621
d69  0.000      47.047
d70  180.000    25.464
d71  180.000    71.412
d72  0.000      22.468
d73  180.000    147.329
d74  0.000      66.621
d75  0.000      71.602
d76  180.000    66.962
d77  180.000    147.329
d78  0.000      66.621
d79  0.000      71.602
d80  180.000    66.962
d81  0.000      47.047
d82  180.000    25.464
d83  180.000    71.412
d84  0.000      22.468
d85  180.000    90.923
d86  0.000      76.028
d87  0.000      67.662
d88  180.000    73.894
d89  180.000    90.923
d90  0.000      67.662
d91  0.000      76.028
d92  180.000    73.894
d93  0.000      47.047
d94  180.000    71.412
d95  180.000    25.464
d96  0.000      22.468
d97  180.000    90.923
d98  0.000      67.662
d99  0.000      76.028
d100 180.000    73.894
d101 180.000    90.923
d102 0.000      67.662
d103 0.000      76.028
d104 180.000    73.894
d105 0.000      47.047
d106 180.000    71.412
d107 180.000    25.464
d108 0.000      22.468
d109 0.000      71.602
d110 180.000    147.329
d111 180.000    66.962
d112 0.000      66.621
d113 0.000      71.602
d114 180.000    66.962
d115 180.000    147.329
d116 0.000      66.621
d117 0.000      47.047
d118 180.000    25.464
d119 180.000    71.412
d120 0.000      22.468
d121 180.000    146.539
d122 0.000      72.193
d123 0.000      69.685
d124 180.000    73.240
d125 180.000    146.539
d126 0.000      72.193
d127 0.000      69.685
d128 180.000    73.240
d129 0.000      37.757
d130 180.000    7.806
d131 180.000    72.062
d132 0.000      14.271
d133 0.000      79.642
d134 180.000    117.399
d135 180.000    76.872
d136 0.000      76.513
d137 0.000      79.642
d138 180.000    76.872
d139 180.000    117.399
d140 0.000      76.513
d141 0.000      37.757
d142 180.000    72.062
d143 180.000    7.806
d144 0.000      14.271

;===========================
;Name theta0    k_theta   
;improper dihedrals

;============================================================
;name c0     c1        c2        c3        c4        c5    
;flexible dihedrals
f1   6.294   -8.212     -7.038     -8.956    -1.768    -4.298
f2   6.294   -8.212     -7.038     -8.956    -1.768    -4.298
f3   -0.016  -3.240     4.571      -2.625    -1.435    -0.955
f4   -0.016  -3.240     4.571      -2.625    -1.435    -0.955
f5   -0.000  -0.000     -0.000     -0.000    -0.000    -0.000
f6   -0.000  -0.000     -0.000     -0.000    -0.000    -0.000
f7   2.087   3.155      -4.342     -5.085    -2.007    -7.867
f8   2.087   3.155      -4.342     -5.085    -2.007    -7.867
f9   2.087   3.155      -4.342     -5.085    -2.007    -7.867
f10  2.087   3.155      -4.342     -5.085    -2.007    -7.867
f11  2.087   3.155      -4.342     -5.085    -2.007    -7.867
f12  2.087   3.155      -4.342     -5.085    -2.007    -7.867
f13  -0.000  -0.000     -0.000     -0.000    -0.000    -0.000
f14  -0.000  -0.000     -0.000     -0.000    -0.000    -0.000
f15  -0.000  -0.000     -0.000     -0.000    -0.000    -0.000
f16  -0.000  -0.000     -0.000     -0.000    -0.000    -0.000
f17  2.087   3.155      -4.342     -5.085    -2.007    -7.867
f18  2.087   3.155      -4.342     -5.085    -2.007    -7.867
f19  -0.000  -0.000     -0.000     -0.000    -0.000    -0.000
f20  -0.000  -0.000     -0.000     -0.000    -0.000    -0.000
f21  -0.016  -3.240     4.571      -2.625    -1.435    -0.955
f22  -0.016  -3.240     4.571      -2.625    -1.435    -0.955
f23  6.294   -8.212     -7.038     -8.956    -1.768    -4.298
f24  6.294   -8.212     -7.038     -8.956    -1.768    -4.298

;============================================================
;name c0     c1        c2        c3        c4        c5    
;inversion dihedrals

;============================================================
[ atomtypes ]
;name      at_num       mass        charge    type          sigma     epsilon
opls_146    1           1.00800     0.115       A           2.42000e-01 1.25520e-01 
opls_166    6           12.01100    0.150       A           3.55000e-01 2.92880e-01 
opls_180    8           15.99940    -0.400      A           2.90000e-01 5.85760e-01 
opls_155    1           1.00800     0.418       A           0.00000e+00 0.00000e+00 
opls_168    1           1.00800     0.435       A           0.00000e+00 0.00000e+00 
opls_494    8           15.99940    -0.687      A           2.96000e-01 7.11280e-01 
opls_154    8           15.99940    -0.683      A           3.12000e-01 7.11280e-01 
opls_493    16          32.06000    1.374       A           3.55000e-01 1.04600e+00 
opls_167    8           15.99940    -0.585      A           3.07000e-01 7.11280e-01 
opls_145    6           12.01100    -0.115      A           3.55000e-01 2.92880e-01 
opls_220    6           12.01100    0.320       A           3.50000e-01 2.76144e-01 

;============================================================
[ defaults ]
;nbfunc    comb-rule gen-pairs fudgeLJ   fudgeQQ   
1         3         yes       0.5       0.5       
